30 60 3
4 11 17
22 23 58
24 28 74
24 30 97
19 21 47
13 15 25
6 7 39
24 27 94
8 12 93
10 12 5
5 12 13
25 27 53
16 18 44
20 30 29
24 29 30
5 13 36
1 7 0
14 16 32
6 10 0
8 18 53
6 9 65
25 30 39
1 2 39
22 27 35
10 13 77
13 16 58
29 30 46
9 10 0
27 30 88
8 17 58
17 25 24
9 19 62
1 11 48
3 5 25
26 27 72
10 18 25
28 29 0
21 28 28
9 16 85
21 22 36
16 26 83
20 23 0
12 13 0
16 19 81
20 24 56
2 7 0
24 25 23
6 13 73
26 29 60
17 20 61
17 18 0
10 14 16
27 28 99
7 10 76
25 29 0
25 28 57
21 25 59
3 12 98
22 30 59
22 28 16